300
2020060000 dflnl 1 22 96 68 65 69 80 38 72 85 41
2020060001 fkwbg 1 90 52 64 60 71 83 80 24 66 87
2020060002 trsvz 1 97 67 39 13 15 51 24 25 11 94
2020060003 yvrnp 1 39 33 39 71 95 0 74 35 92 18
2020060004 ivepq 1 24 74 54 51 8 86 24 71 5 95
2020060005 wvsak 1 71 57 46 99 35 13 52 94 58 99
2020060006 gsltx 1 78 2 62 59 25 83 11 83 18 77
2020060007 cbzxf 1 8 84 58 61 72 65 60 84 39 32
2020060008 eopgy 1 33 92 20 21 22 34 52 71 59 49
2020060009 ypivr 1 98 81 79 66 4 25 29 93 100 97
2020060010 uxmpq 1 39 77 69 92 80 51 1 34 100 59
2020060011 smhwx 1 51 11 82 31 90 9 67 1 22 19
2020060012 xtavk 1 63 48 51 32 62 57 80 53 88 100
2020060013 nwsjx 1 97 79 48 41 68 20 88 52 69 98
2020060014 mnmbz 1 1 63 83 64 79 41 87 87 100 63
2020060015 uaokn 1 32 93 96 30 52 0 77 53 25 51
2020060016 wjoie 1 98 67 62 19 30 80 64 10 40 79
2020060017 fljas 1 65 2 8 43 74 52 89 38 1 22
2020060018 tnlyz 1 3 96 86 75 6 25 48 16 95 22
2020060019 dhwjs 1 35 22 34 15 20 84 43 81 53 61
2020060020 tjiql 1 18 68 86 0 51 13 8 45 19 79
2020060021 lygvd 1 92 21 70 65 26 5 22 39 18 0
2020060022 chltx 1 42 29 67 6 86 35 80 32 21 46
2020060023 dfuek 1 77 5 12 65 41 82 71 38 14 1
2020060024 efnay 1 26 83 78 32 45 25 63 63 48 81
2020060025 ggujl 1 1 18 81 7 1 80 47 45 30 31
2020060026 gqvep 1 97 44 17 13 93 16 60 31 18 44
2020060027 ljuza 1 28 100 25 59 55 52 24 97 72 47
2020060028 bozwm 1 77 52 41 8 2 0 20 32 61 97
2020060029 srsks 1 13 21 9 5 16 28 33 82 29 68
2020060030 hueej 2 70 32 44 100 42 34 80 13 4 42
2020060031 noifp 2 82 14 52 10 21 7 53 8 73 23
2020060032 tmmyv 2 12 74 74 100 31 85 53 73 17 4
2020060033 ppnvu 2 81 36 41 79 52 3 95 30 0 53
2020060034 tcehm 2 93 78 45 92 48 90 77 96 7 44
2020060035 wppbm 2 13 1 66 34 81 76 0 89 64 79
2020060036 qdzwo 2 36 8 20 3 76 13 13 65 6 17
2020060037 cdydw 2 69 71 33 41 47 25 42 65 10 87
2020060038 yqwkp 2 60 76 44 95 20 90 91 82 3 71
2020060039 qnqvu 2 68 20 2 59 82 34 9 27 45 4
2020060040 xeilv 2 18 10 94 90 49 47 76 16 47 19
2020060041 bjovs 2 94 51 76 74 1 72 21 8 73 77
2020060042 rfeli 2 61 35 55 22 72 38 49 12 9 59
2020060043 pxghu 2 42 96 39 92 34 85 7 4 92 74
2020060044 hnsnm 2 73 32 47 26 76 67 23 62 96 33
2020060045 ctozf 2 3 14 8 64 76 38 2 4 40 92
2020060046 nczms 2 3 61 46 69 55 32 98 15 17 98
2020060047 ohtox 2 50 39 11 99 82 11 25 23 45 0
2020060048 mirfj 2 56 43 41 3 38 16 6 44 90 44
2020060049 xrabk 2 73 28 32 66 87 88 42 13 50 36
2020060050 wxigu 2 43 6 95 38 56 15 57 37 87 9
2020060051 bfixp 2 28 10 77 2 86 93 81 34 5 69
2020060052 tockc 2 41 11 43 2 30 73 35 100 1 88
2020060053 sstzs 2 35 7 57 78 92 100 41 67 18 16
2020060054 ughjx 2 17 60 2 88 7 96 21 38 26 26
2020060055 xipru 2 24 24 31 88 83 36 96 11 87 21
2020060056 ucqwo 2 35 9 53 91 78 1 96 84 17 22
2020060057 fzcum 2 96 45 14 92 81 65 50 20 7 42
2020060058 rbtws 2 15 43 70 42 0 13 91 70 19 4
2020060059 zezdk 2 86 13 51 16 12 92 7 72 11 91
2020060060 zzcfe 3 78 94 55 49 99 71 18 70 1 7
2020060061 ubofk 3 97 34 32 63 62 70 42 85 28 6
2020060062 lrlej 3 55 58 84 91 19 0 29 20 63 85
2020060063 pdtiw 3 42 5 26 35 4 99 13 9 49 38
2020060064 hityj 3 5 60 53 40 81 45 42 41 63 36
2020060065 zgvxn 3 21 61 57 67 21 29 33 35 28 52
2020060066 pmdur 3 28 16 83 40 47 77 73 67 75 81
2020060067 gfops 3 27 67 7 100 83 52 42 49 39 22
2020060068 fmkww 3 59 42 48 21 4 55 78 25 13 19
2020060069 vogsz 3 69 23 44 44 76 67 27 2 49 67
2020060070 mrxmb 3 10 78 80 77 16 81 77 17 46 63
2020060071 zlkck 3 38 70 89 87 4 77 85 59 42 62
2020060072 buymw 3 94 6 56 2 55 58 2 37 67 42
2020060073 vizdy 3 51 14 73 0 7 15 15 73 76 30
2020060074 ykegs 3 40 40 85 71 39 13 98 68 32 78
2020060075 yfavm 3 3 25 61 71 7 73 26 90 53 76
2020060076 rehid 3 2 99 92 70 7 27 97 25 22 21
2020060077 symmx 3 76 5 5 81 46 52 79 86 10 61
2020060078 hvccj 3 98 15 91 79 13 69 92 62 15 91
2020060079 gtooj 3 100 39 56 10 68 10 36 89 22 89
2020060080 qwoei 3 74 88 91 64 31 35 79 0 0 76
2020060081 pegot 3 55 51 66 7 42 40 41 19 4 93
2020060082 mnyyl 3 47 82 72 21 97 52 93 64 95 64
2020060083 arwdc 3 53 73 43 53 90 72 67 8 66 54
2020060084 jkdof 3 72 13 68 54 50 72 17 55 15 86
2020060085 fvmih 3 98 20 64 3 29 30 0 4 98 82
2020060086 jkllu 3 51 62 6 78 74 61 44 22 60 28
2020060087 rqfmk 3 79 2 82 98 39 14 14 91 96 18
2020060088 dytcq 3 20 50 98 38 67 94 75 12 40 82
2020060089 genth 3 61 44 15 36 26 68 22 96 15 40
2020060090 aemsr 4 63 42 36 96 6 54 94 48 49 3
2020060091 joioa 4 66 63 30 19 20 69 13 84 52 58
2020060092 kwsoh 4 73 11 58 2 43 97 78 1 32 5
2020060093 gshyw 4 66 76 20 85 14 18 100 4 10 0
2020060094 aghjt 4 76 13 63 32 37 41 60 32 61 43
2020060095 sjkwf 4 43 92 58 31 96 50 32 55 29 45
2020060096 dluaa 4 64 73 32 18 84 100 2 91 54 7
2020060097 virvv 4 65 12 65 15 80 60 6 19 28 46
2020060098 rugyc 4 15 58 27 16 49 44 17 95 67 90
2020060099 rpugf 4 31 87 87 55 56 85 18 20 13 7
2020060100 uamzk 4 11 7 94 34 46 5 14 0 35 81
2020060101 nhpmn 4 100 96 39 85 38 83 69 62 45 65
2020060102 lcaff 4 95 69 24 4 10 45 78 23 18 24
2020060103 oetll 4 68 40 33 32 11 74 63 11 68 93
2020060104 rnigz 4 35 16 20 85 55 65 84 23 78 96
2020060105 duwrd 4 84 17 94 67 34 95 36 92 83 18
2020060106 yvxob 4 31 66 0 11 70 54 70 89 98 35
2020060107 ddnmu 4 40 5 8 61 40 11 95 28 0 89
2020060108 xkccd 4 4 56 51 69 55 41 74 59 15 39
2020060109 nqgbb 4 95 9 54 80 38 61 64 12 21 8
2020060110 gxkml 4 57 64 45 37 56 90 13 64 21 25
2020060111 zddbh 4 87 24 29 97 0 1 73 2 27 30
2020060112 wtbov 4 45 70 12 35 95 9 15 49 69 60
2020060113 nzmlc 4 52 18 6 24 66 38 43 92 83 4
2020060114 buhic 4 32 63 87 2 85 81 15 36 82 63
2020060115 hpcmh 4 72 29 78 48 62 76 3 92 51 6
2020060116 ucpnf 4 45 15 25 44 57 91 5 98 9 43
2020060117 qpchz 4 89 47 67 72 82 70 97 51 17 64
2020060118 pwpjf 4 58 83 77 41 64 37 51 21 35 92
2020060119 tmjfl 4 35 86 47 10 56 9 7 36 91 55
2020060120 mpubm 5 78 100 21 21 12 70 10 20 26 24
2020060121 gsdys 5 24 75 60 90 38 59 44 5 19 72
2020060122 usfir 5 37 27 56 47 66 25 63 31 69 73
2020060123 onvms 5 64 82 69 57 88 81 4 94 91 18
2020060124 qvbab 5 99 58 55 0 62 28 0 69 63 4
2020060125 ewqfq 5 61 57 70 45 21 35 96 77 42 57
2020060126 jrmxt 5 46 17 60 62 16 51 79 38 33 2
2020060127 yloib 5 56 23 95 58 7 85 94 73 29 12
2020060128 xfvkk 5 53 3 76 12 44 86 75 79 39 57
2020060129 tnira 5 55 36 31 57 34 29 18 56 84 89
2020060130 zjybp 5 3 43 24 91 16 93 78 15 44 35
2020060131 grvlm 5 57 78 16 75 20 79 100 98 51 78
2020060132 ffoux 5 91 26 13 49 30 45 42 11 62 76
2020060133 ojiom 5 5 84 85 29 93 86 28 52 60 76
2020060134 hnvwk 5 91 44 39 7 65 9 80 5 78 61
2020060135 usijk 5 95 16 91 52 57 46 68 87 94 31
2020060136 hnkmh 5 80 1 5 3 33 49 67 68 17 92
2020060137 jstqz 5 31 74 1 50 11 80 87 31 63 2
2020060138 ojxlo 5 25 33 97 75 49 28 35 15 99 6
2020060139 twrhv 5 95 23 46 7 79 31 69 56 44 47
2020060140 lxyws 5 70 97 48 23 5 75 60 47 79 79
2020060141 pfabz 5 100 21 76 77 2 89 77 13 74 90
2020060142 lqdta 5 70 81 18 38 47 32 77 91 88 31
2020060143 tlmhj 5 4 74 66 34 4 79 99 43 77 17
2020060144 ntgtu 5 51 55 43 51 95 56 76 9 24 0
2020060145 zgvon 5 55 38 89 65 84 57 52 97 54 66
2020060146 spmjj 5 35 50 59 77 19 36 99 58 33 93
2020060147 kbelm 5 29 59 28 27 38 2 17 31 16 63
2020060148 vbmcw 5 65 75 77 39 30 75 28 79 14 3
2020060149 twvyw 5 75 34 63 56 16 98 37 84 96 29
2020060150 krazp 6 79 20 37 22 94 60 57 40 95 3
2020060151 qdsor 6 76 25 82 33 95 56 11 37 81 37
2020060152 soduq 6 81 43 24 98 96 99 95 69 54 53
2020060153 rcyxr 6 34 75 28 83 15 46 55 91 22 61
2020060154 dpckb 6 22 66 64 87 65 33 56 63 74 3
2020060155 zlqbv 6 47 7 88 77 74 44 68 83 46 23
2020060156 dpzgw 6 89 85 98 65 74 6 57 70 60 74
2020060157 sxfvc 6 65 35 27 35 11 19 75 52 2 41
2020060158 gtyxx 6 39 22 79 74 38 80 61 13 83 39
2020060159 mdngq 6 56 7 17 42 66 3 99 37 25 95
2020060160 egqrj 6 42 64 35 95 34 70 72 13 10 74
2020060161 vdlvu 6 3 46 91 33 4 78 19 78 36 81
2020060162 ontrv 6 32 41 98 80 24 4 24 59 32 54
2020060163 smfav 6 93 91 35 75 14 29 24 56 85 98
2020060164 sftwc 6 6 93 48 49 43 88 100 44 8 47
2020060165 ajewo 6 34 12 34 61 15 7 1 24 11 95
2020060166 zlxxx 6 90 58 44 31 46 73 51 69 79 41
2020060167 yxayd 6 63 57 37 50 50 69 8 1 41 59
2020060168 svfyx 6 64 73 96 51 55 79 76 14 83 81
2020060169 sjpwf 6 55 15 15 18 10 94 73 4 51 82
2020060170 ttatn 6 6 0 92 7 49 8 66 39 33 7
2020060171 gktow 6 69 31 51 29 61 19 23 2 31 77
2020060172 azwot 6 0 89 88 35 65 47 13 15 7 31
2020060173 sifom 6 77 83 26 24 58 62 61 58 15 36
2020060174 zfjpr 6 94 100 89 13 60 15 74 55 13 88
2020060175 jxkyr 6 9 12 41 69 33 52 93 47 7 14
2020060176 bozyc 6 90 59 54 53 22 64 82 76 25 12
2020060177 wcerp 6 10 9 19 77 53 97 9 17 55 31
2020060178 wedev 6 1 68 20 39 41 60 6 15 84 37
2020060179 ilics 6 12 76 14 12 3 10 70 100 29 76
2020060180 wscfm 7 29 20 73 97 68 51 49 66 87 53
2020060181 wscvk 7 82 69 66 33 38 26 87 8 6 60
2020060182 ztarg 7 13 76 46 34 12 76 84 0 7 42
2020060183 sjwxy 7 46 73 43 10 28 53 66 38 53 91
2020060184 jxman 7 78 4 0 9 53 51 89 23 52 8
2020060185 zwpeh 7 80 86 47 11 76 27 16 38 5 82
2020060186 zgvnp 7 0 51 50 61 17 17 60 24 98 21
2020060187 btklz 7 61 80 80 11 38 62 85 97 69 62
2020060188 kzevj 7 86 16 65 23 0 56 34 27 37 42
2020060189 enhat 7 20 46 26 77 6 70 24 59 74 90
2020060190 kdqsu 7 27 31 16 21 48 62 64 66 15 32
2020060191 muexx 7 52 0 35 16 24 77 92 92 72 40
2020060192 uffes 7 0 73 16 37 7 52 18 61 10 69
2020060193 pjcbb 7 16 60 50 23 98 55 95 17 31 48
2020060194 lexlp 7 35 33 42 59 51 78 27 80 17 95
2020060195 yettp 7 51 48 28 13 98 88 79 21 32 16
2020060196 ykzoq 7 77 0 53 92 34 41 47 57 27 98
2020060197 nxzhj 7 33 47 5 50 37 45 91 22 90 45
2020060198 qweoi 7 54 1 50 24 45 87 85 38 92 67
2020060199 vfijv 7 4 64 30 21 55 25 68 88 45 73
2020060200 mtqzn 7 74 9 79 61 10 85 43 94 87 34
2020060201 sstij 7 67 68 37 56 36 76 95 14 76 49
2020060202 taypw 7 37 82 60 1 69 57 37 88 23 9
2020060203 mbvsm 7 30 22 60 87 1 54 30 1 52 73
2020060204 agijk 7 39 87 8 44 70 27 26 42 68 19
2020060205 giuca 7 82 4 78 44 61 89 16 94 76 89
2020060206 wcnzb 7 99 45 69 2 85 74 68 27 23 64
2020060207 qqtpq 7 79 27 51 94 40 66 80 10 61 32
2020060208 afypz 7 4 91 10 70 81 24 7 49 7 62
2020060209 aysmx 7 11 56 1 61 62 29 13 97 71 64
2020060210 huwls 8 50 23 40 0 47 37 6 29 5 22
2020060211 kzhqm 8 6 62 87 69 62 4 3 60 86 32
2020060212 fvpiy 8 36 71 16 90 55 39 82 64 48 54
2020060213 btwwq 8 95 25 24 27 87 50 91 53 100 64
2020060214 xnrxy 8 30 85 65 94 65 14 96 54 0 45
2020060215 oqrkx 8 69 27 1 33 56 28 83 56 54 72
2020060216 buoqp 8 4 73 22 96 28 27 0 40 48 9
2020060217 iolvs 8 84 74 24 57 37 25 63 36 88 42
2020060218 vzzwt 8 28 88 99 19 52 8 82 34 74 55
2020060219 pudep 8 10 76 69 77 78 57 14 75 75 92
2020060220 cdven 8 71 8 49 81 20 80 85 35 81 85
2020060221 tqycd 8 42 31 95 68 9 14 70 52 9 52
2020060222 qkkep 8 24 34 16 4 1 41 67 43 18 99
2020060223 zcvue 8 2 18 35 35 17 12 90 49 83 66
2020060224 dgrpl 8 91 61 87 94 100 14 55 12 38 47
2020060225 ucieu 8 78 74 51 34 96 96 90 1 23 19
2020060226 ridto 8 80 39 46 19 56 76 95 10 9 30
2020060227 cifvo 8 60 51 83 21 2 69 61 50 7 5
2020060228 tfdfq 8 15 4 71 85 96 82 80 77 70 29
2020060229 lhutx 8 22 38 34 87 9 43 88 71 31 6
2020060230 wzsfs 8 4 70 24 60 0 44 100 21 14 88
2020060231 muhbd 8 46 89 21 98 48 84 58 33 52 16
2020060232 vjsnt 8 99 69 24 6 58 66 74 87 19 77
2020060233 njyum 8 2 50 66 81 76 34 39 36 90 72
2020060234 zscxy 8 84 32 26 21 63 29 71 57 52 66
2020060235 eicsb 8 31 14 56 97 34 29 96 65 38 99
2020060236 hqsjs 8 94 75 100 46 30 52 26 21 7 97
2020060237 nfrxr 8 73 23 23 80 14 68 25 81 62 3
2020060238 jqfnu 8 58 32 88 100 80 64 3 37 99 33
2020060239 dmyhs 8 93 5 30 5 13 91 57 8 98 72
2020060240 zithv 9 1 71 11 68 24 31 0 90 66 67
2020060241 oyuyb 9 49 49 36 84 68 70 100 55 98 90
2020060242 wekxw 9 98 67 0 74 78 78 69 14 58 15
2020060243 jfeoy 9 93 40 81 34 47 93 41 10 47 89
2020060244 bbagm 9 31 58 26 15 37 40 17 21 17 8
2020060245 xxacv 9 55 47 33 78 83 67 80 26 55 5
2020060246 jhuhk 9 0 86 71 87 83 60 7 40 87 74
2020060247 zsbpw 9 70 47 18 74 58 87 74 7 23 97
2020060248 wnulm 9 0 31 66 93 20 57 63 66 64 12
2020060249 klpes 9 95 52 37 65 30 35 63 19 12 31
2020060250 qmwrs 9 69 9 62 83 23 98 71 33 7 14
2020060251 mocds 9 82 51 51 91 48 82 98 3 49 95
2020060252 pczyw 9 37 1 42 15 49 59 54 100 85 59
2020060253 esbkc 9 32 0 6 93 58 10 49 67 53 91
2020060254 qpawz 9 44 72 79 48 85 33 20 56 82 11
2020060255 xxzdc 9 70 7 96 70 80 99 12 81 21 83
2020060256 oirzg 9 47 50 77 89 99 74 78 59 39 24
2020060257 meijd 9 10 34 25 38 93 67 84 26 77 61
2020060258 gxxmw 9 71 21 53 52 45 79 59 34 68 6
2020060259 lyibt 9 42 25 14 99 40 30 76 40 9 49
2020060260 ogmgh 9 77 59 39 83 70 77 42 55 51 6
2020060261 aghys 9 68 38 62 47 8 40 89 9 29 87
2020060262 opoth 9 31 32 28 49 99 94 80 59 45 44
2020060263 wxnot 9 58 29 84 91 91 46 94 96 80 24
2020060264 unrlk 9 84 15 5 2 50 55 75 65 44 86
2020060265 aqhav 9 79 15 59 39 6 36 0 79 39 71
2020060266 xnsci 9 94 3 84 31 17 40 4 91 9 43
2020060267 jdazw 9 80 48 48 89 71 42 38 85 87 55
2020060268 ksxtt 9 10 81 84 63 90 8 88 28 52 29
2020060269 fccbf 9 11 65 62 60 36 77 38 30 65 96
2020060270 sjivg 10 26 26 20 29 6 14 47 29 93 46
2020060271 ttwyw 10 95 82 92 69 60 65 21 63 27 6
2020060272 uptha 10 61 11 50 73 16 92 77 80 11 79
2020060273 lhryg 10 19 7 80 81 91 18 94 83 52 71
2020060274 yzhsh 10 37 100 31 88 71 77 67 53 99 36
2020060275 anbao 10 50 99 79 14 3 29 56 99 34 25
2020060276 iuexd 10 31 73 80 75 20 77 98 37 81 95
2020060277 awhit 10 7 63 37 58 14 40 24 65 79 7
2020060278 pizxl 10 78 11 75 91 95 95 46 42 93 50
2020060279 avwcm 10 25 37 36 52 17 62 98 92 48 87
2020060280 qwwkt 10 52 100 89 36 9 1 81 9 34 99
2020060281 hsfhi 10 52 71 75 79 79 95 66 41 71 86
2020060282 flgdg 10 67 46 17 62 16 53 84 43 6 34
2020060283 adhfn 10 17 33 38 98 29 8 100 6 92 78
2020060284 jgnjw 10 72 69 20 70 71 72 95 8 41 12
2020060285 bkfec 10 65 78 40 29 58 26 72 64 17 71
2020060286 hedwk 10 57 88 98 27 66 22 12 71 65 69
2020060287 rsepm 10 3 47 35 47 27 82 36 74 73 1
2020060288 qhsey 10 35 100 98 16 59 15 11 99 8 23
2020060289 igxti 10 1 8 54 46 74 31 63 9 21 60
2020060290 retln 10 60 27 1 20 5 57 34 45 87 47
2020060291 iknha 10 47 81 27 1 68 23 50 32 5 38
2020060292 kwous 10 39 47 99 87 55 18 15 59 86 50
2020060293 pjrfb 10 49 11 36 14 17 8 11 12 49 80
2020060294 gjrso 10 24 81 92 68 93 52 6 34 95 36
2020060295 tlhza 10 61 53 73 16 66 17 2 4 84 88
2020060296 nypjs 10 25 12 17 76 7 70 79 59 11 56
2020060297 ewhhw 10 3 65 52 43 65 61 18 11 93 57
2020060298 rfifi 10 62 89 94 56 58 83 66 1 9 76
2020060299 wksnb 10 21 32 79 52 36 68 36 60 10 11